[app/ui]
version = 4.3.1
modtime = 1335945304.215998000

[app/launcher]
version = 4.3.1
modtime = 1335945304.230446000

[app/package/check_for_updates]
version = 4.3.1
modtime = 1335945304.290441000
