[history/.dummy_history]
version = 4.3.1
modtime = 1335941368.275690000

[unix/admin]
version = 4.3.1
modtime = 1335941390.290671000
