[app/ui]
version = 4.3.1
modtime = 1335514286.472358000

[app/launcher]
version = 4.3.1
modtime = 1335514286.478962000

[app/package/check_for_updates]
version = 4.3.1
modtime = 1335514286.482609000
