[app/ui]
version = 4.3.1
modtime = 1335245267.840006000

[app/launcher]
version = 4.3.1
modtime = 1335245267.855441000

[app/package/check_for_updates]
version = 4.3.1
modtime = 1335245267.905303000
