[app/ui]
version = 4.3.1
modtime = 1335859900.445996000

[app/launcher]
version = 4.3.1
modtime = 1335859900.459429000

[app/package/check_for_updates]
version = 4.3.1
modtime = 1335859900.472056000
