[app/ui]
version = 4.3.1
modtime = 1335945089.616472000

[app/launcher]
version = 4.3.1
modtime = 1335945089.629372000

[app/package/check_for_updates]
version = 4.3.1
modtime = 1335945089.634278000
