[history/.dummy_history]
version = 4.3.1
modtime = 1335246443.203541000

[viewstates/flashtimeline%3A_current]
version = 4.3.1
modtime = 1335523471.677147000
