[app/install/state]
version = 4.3.1
modtime = 1335244981.392034000

[app/ui]
version = 4.3.1
modtime = 1335514356.054409000

[app/launcher]
version = 4.3.1
modtime = 1335514356.058572000

[app/package/check_for_updates]
version = 4.3.1
modtime = 1335514356.111449000
