[app/install/state]
version = 4.3.1
modtime = 1335244981.392034000

[app/ui]
version = 4.3.1
modtime = 1335245241.934967000

[app/launcher]
version = 4.3.1
modtime = 1335245241.962654000

[app/package/check_for_updates]
version = 4.3.1
modtime = 1335245241.984541000
