[app/ui]
version = 4.3.1
modtime = 1335514327.943893000

[app/launcher]
version = 4.3.1
modtime = 1335514327.947799000

[app/package/check_for_updates]
version = 4.3.1
modtime = 1335514327.987548000
