[app/ui]
version = 4.3.1
modtime = 1335245074.864582000

[app/launcher]
version = 4.3.1
modtime = 1335245074.889379000

[app/package/check_for_updates]
version = 4.3.1
modtime = 1335245074.894002000
