[history/.dummy_history]
version = 4.3.1
modtime = 1335944269.575592000

[viewstates/APM_dashboard%3A_current]
version = 4.3.1
modtime = 1335946622.439496000
